<?xml version="1.0"?>
<opencv_storage>
<calibration_time>"Mon Sep 27 20:52:45 2021"</calibration_time>
<nFrames>2</nFrames>
<flags>0</flags>
<camera_matrix type_id="opencv-matrix">
  <rows>3</rows>
  <cols>3</cols>
  <dt>d</dt>
  <data>
    3.8914396973949033e+02 -2.5136006200521791e+01
    5.3434815550232349e+02 0. 3.9596285718073830e+02
    3.5910160729415747e+02 0. 0. 1.</data></camera_matrix>
<distortion_coefficients type_id="opencv-matrix">
  <rows>1</rows>
  <cols>4</cols>
  <dt>d</dt>
  <data>
    -6.4061042938790189e+00 4.0508442541793166e+01
    2.3900559499983962e+00 -2.2821108944767127e-01</data></distortion_coefficients>
<xi>1.8350313004482197e+00</xi>
<used_imgs>
  "..\data\unity_chess\unity0_shot.jpg"
  "..\data\unity_chess\unity4_shot.jpg"</used_imgs>
<extrinsic_parameters type_id="opencv-matrix">
  <rows>2</rows>
  <cols>6</cols>
  <dt>d</dt>
  <data>
    -1.8167083941853384e+00 1.9475750626370153e-01
    3.9619161564815472e-02 -9.3562001688902896e+00
    1.4784282639900002e+01 1.5390896380868986e+01 8.6007732911075796e-01
    -1.9197571483425435e+00 -2.3349691509403692e+00
    8.9269712172778046e+00 3.0885874631072337e+01 3.4669260825501965e+01</data></extrinsic_parameters>
<rms>7.1923260537655436e+00</rms>
<image_points type_id="opencv-matrix">
  <rows>14</rows>
  <cols>54</cols>
  <dt>"2d"</dt>
  <data>
    3.8192724609375000e+02 6.4979327392578125e+02 4.0659472656250000e+02
    6.5079968261718750e+02 4.3306588745117188e+02 6.5140795898437500e+02
    4.6124511718750000e+02 6.5151269531250000e+02 4.9054763793945312e+02
    6.5109991455078125e+02 5.2076214599609375e+02 6.5012689208984375e+02
    5.5167486572265625e+02 6.4856658935546875e+02 5.8246734619140625e+02
    6.4647308349609375e+02 6.1273754882812500e+02 6.4376428222656250e+02
    3.7080401611328125e+02 6.6486596679687500e+02 3.9682153320312500e+02
    6.6645788574218750e+02 4.2475668334960938e+02 6.6767126464843750e+02
    4.5481265258789062e+02 6.6831170654296875e+02 4.8634133911132812e+02
    6.6827539062500000e+02 5.1886444091796875e+02 6.6748864746093750e+02
    5.5240966796875000e+02 6.6585412597656250e+02 5.8560650634765625e+02
    6.6350085449218750e+02 6.1839251708984375e+02 6.6045532226562500e+02
    3.5855749511718750e+02 6.8173388671875000e+02 3.8573541259765625e+02
    6.8432086181640625e+02 4.1546704101562500e+02 6.8625006103515625e+02
    4.4756530761718750e+02 6.8757672119140625e+02 4.8148321533203125e+02
    6.8799700927734375e+02 5.1670562744140625e+02 6.8754577636718750e+02
    5.5319836425781250e+02 6.8590850830078125e+02 5.8936090087890625e+02
    6.8328472900390625e+02 6.2479107666015625e+02 6.7974743652343750e+02
    3.4500482177734375e+02 7.0079614257812500e+02 3.7344241333007812e+02
    7.0455700683593750e+02 4.0489270019531250e+02 7.0751690673828125e+02
    4.3931713867187500e+02 7.0979241943359375e+02 4.7582736206054688e+02
    7.1120007324218750e+02 5.1433416748046875e+02 7.1111285400390625e+02
    5.5419104003906250e+02 7.0950885009765625e+02 5.9355859375000000e+02
    7.0661126708984375e+02 6.3223645019531250e+02 7.0231494140625000e+02
    3.3006997680664062e+02 7.2224249267578125e+02 3.5979275512695312e+02
    7.2736071777343750e+02 3.9312316894531250e+02 7.3183508300781250e+02
    4.2979275512695312e+02 7.3564184570312500e+02 4.6946734619140625e+02
    7.3785711669921875e+02 5.1152053833007812e+02 7.3840612792968750e+02
    5.5518609619140625e+02 7.3706048583984375e+02 5.9843408203125000e+02
    7.3366235351562500e+02 6.4060577392578125e+02 7.2849523925781250e+02
    3.1385446166992188e+02 7.4586431884765625e+02 3.4477069091796875e+02
    7.5305059814453125e+02 3.7984692382812500e+02 7.5955279541015625e+02
    4.1926916503906250e+02 7.6503601074218750e+02 4.6227584838867188e+02
    7.6878747558593750e+02 5.0825241088867188e+02 7.7026947021484375e+02
    5.5630566406250000e+02 7.6925433349609375e+02 6.0393273925781250e+02
    7.6529760742187500e+02 6.5021710205078125e+02 7.5889733886718750e+02
    3.3517733764648438e+02 5.0939190673828125e+02 3.3040512084960938e+02
    5.0929202270507812e+02 3.2074484252929688e+02 5.0919100952148438e+02
    3.1057992553710938e+02 5.0894744873046875e+02 3.0093576049804688e+02
    5.0879949951171875e+02 2.9187454223632812e+02 5.0896594238281250e+02
    2.8168798828125000e+02 5.0900067138671875e+02 2.7254125976562500e+02
    5.0866656494140625e+02 2.6811920166015625e+02 5.0847531127929688e+02
    3.3534970092773438e+02 5.0466815185546875e+02 3.3047979736328125e+02
    5.0470904541015625e+02 3.2074655151367188e+02 5.0919119262695312e+02
    3.1057864379882812e+02 5.0894738769531250e+02 3.0093634033203125e+02
    5.0879940795898438e+02 2.9187588500976562e+02 5.0896621704101562e+02
    2.8168707275390625e+02 5.0899636840820312e+02 2.7254098510742188e+02
    5.0866650390625000e+02 2.6811923217773438e+02 5.0847528076171875e+02
    3.3581726074218750e+02 4.9418539428710938e+02 3.3054568481445312e+02
    4.9940484619140625e+02 3.2117184448242188e+02 4.9924053955078125e+02
    3.1103298950195312e+02 4.9907620239257812e+02 3.0145080566406250e+02
    4.9866311645507812e+02 2.9189627075195312e+02 4.9842315673828125e+02
    2.8199444580078125e+02 4.9831094360351562e+02 2.7296804809570312e+02
    4.8750491333007812e+02 2.6840765380859375e+02 4.8743536376953125e+02
    3.3665875244140625e+02 4.7940634155273438e+02 3.3148672485351562e+02
    4.7916864013671875e+02 3.2004495239257812e+02 4.7859515380859375e+02
    3.1230410766601562e+02 4.7840090942382812e+02 2.9770578002929688e+02
    4.7773809814453125e+02 2.8808215332031250e+02 4.7737240600585938e+02
    2.7890933227539062e+02 4.7739508056640625e+02 2.7363122558593750e+02
    4.7734130859375000e+02 2.6912319946289062e+02 4.7717196655273438e+02
    3.3665878295898438e+02 4.7940628051757812e+02 3.3157928466796875e+02
    4.7917193603515625e+02 3.2165185546875000e+02 4.7872344970703125e+02
    3.1216613769531250e+02 4.7763522338867188e+02 3.0293130493164062e+02
    4.6795825195312500e+02 2.9362792968750000e+02 4.6770455932617188e+02
    2.7859432983398438e+02 4.7741598510742188e+02 2.7363119506835938e+02
    4.7734130859375000e+02 2.6985952758789062e+02 4.6686279296875000e+02
    3.3757217407226562e+02 4.6949536132812500e+02 3.3296508789062500e+02
    4.6925363159179688e+02 3.2294158935546875e+02 4.6871328735351562e+02
    3.1190756225585938e+02 4.6833364868164062e+02 3.0258465576171875e+02
    4.6793301391601562e+02 2.9363998413085938e+02 4.6770471191406250e+02
    2.8416671752929688e+02 4.6747735595703125e+02 2.7454910278320312e+02
    4.6722222900390625e+02 2.6986227416992188e+02 4.6685372924804688e+02
    5.9027911376953125e+02 4.5970272827148438e+02 5.7715484619140625e+02
    4.6037829589843750e+02 5.5827709960937500e+02 4.6167608642578125e+02
    5.4591009521484375e+02 4.6239288330078125e+02 5.3405511474609375e+02
    4.6326812744140625e+02 5.2221899414062500e+02 4.6402337646484375e+02
    5.1037283325195312e+02 4.6508804321289062e+02 4.9865313720703125e+02
    4.6568978881835938e+02 4.9865310668945312e+02 4.6568981933593750e+02
    5.8291442871093750e+02 4.4787835693359375e+02 5.7717864990234375e+02
    4.4842315673828125e+02 5.5858782958984375e+02 4.4951919555664062e+02
    5.4575024414062500e+02 4.5046795654296875e+02 5.3400830078125000e+02
    4.5113784790039062e+02 5.2217889404296875e+02 4.5234390258789062e+02
    5.1038595581054688e+02 4.5333267211914062e+02 4.9937203979492188e+02
    4.5446304321289062e+02 4.9937197875976562e+02 4.5446301269531250e+02
    5.8949206542968750e+02 4.3547158813476562e+02 5.7717883300781250e+02
    4.4842294311523438e+02 5.5852185058593750e+02 4.3769985961914062e+02
    5.4575024414062500e+02 4.5046795654296875e+02 5.3431652832031250e+02
    4.3951647949218750e+02 5.2236846923828125e+02 4.4044680786132812e+02
    5.1055288696289062e+02 4.4168164062500000e+02 4.9937207031250000e+02
    4.5446295166015625e+02 4.9965438842773438e+02 4.4265328979492188e+02
    5.8261572265625000e+02 4.2421875000000000e+02 5.7054217529296875e+02
